,Simple_Logistic_Regression_on_Imbalanced_Dataset,Simple_Logistic_Regresssion_on_balanced_Dataset,Tuned_Logistic_Regression_on_Imbalanced_Dataset,Tuned_Logistic_Regression_on_Balanced_Dataset,Tuned_Decision_Tree_on_Imbalanced_Dataset,Tuned_Decision_Tree_on_Balanced_Dataset,Tuned_Random_Forest_on_Imbalanced_Dataset,Tuned_Random_Forest_on_Balanced_Dataset,Tuned_Random_Forest_on_Imbalanced_Dataset,Tuned_Random_Forest_on_Balanced_Dataset,Tuned_Adaboost_on_Imbalanced_Dataset,Tuned_Adaboost_on_Balanced_Dataset
duration,-0.3689340101691813,-0.3647182253235496,-0.2813300947068383,-0.2932750947025889,0.0,0.0,0.0,0.0,0.0,0.0,0.019476808164105318,0.02133617497690015
srcbytes,0.2873478859866646,0.2673534568946183,0.0858263161239113,0.0938086756034596,0.0,1.0,0.15600843778673798,0.1559800907869634,0.15600843778673798,0.1559800907869634,0.13743639904982047,0.1176628773931904
dstbytes,1.195325707547311,0.99995926435447,0.1076836515298716,0.1135694505979449,0.0,0.0,0.08364005039312013,0.08153426043041317,0.08364005039312013,0.08153426043041317,0.03512370963932277,0.038494319208183456
wrongfragment,1.8436359853131268,1.8752379602878608,0.5147237874466919,0.5269913236561364,0.0,0.0,0.0,0.0,0.0,0.0,0.004862116598662113,0.003285075255041572
urgent,0.4141897881757059,0.4345686524320082,0.08665713996164,0.0933683470136668,0.0,0.0,0.0,0.0,0.0,0.0,8.062212642862307e-05,0.0
hot,0.2983098908574924,0.3154076835725863,0.345490698927812,0.3519382151696352,0.0,0.0,0.0,0.0,0.0,0.0,0.014232911842151814,0.011953886080392303
numfailedlogins,0.2688790495391274,0.2745757818641447,0.0873515301839976,0.0892721804517483,0.0,0.0,0.0,0.0,0.0,0.0,0.0013934452465579534,0.001125284071730366
numcompromised,0.0890794156081276,0.0136734303220692,-0.0090697776050212,-0.0103410215371253,0.0,0.0,0.0,0.0,0.0,0.0,0.006595640954320548,0.006972401656770176
numfilecreations,0.1232985780948889,0.115978110996394,-0.0235190241460722,-0.0207260126311599,0.0,0.0,0.0,0.0,0.0,0.0,0.0045574333062016305,0.005616958607410071
numshells,0.0695896937076358,0.0611747473069741,0.0253014381028543,0.0274879150799166,0.0,0.0,0.0,0.0,0.0,0.0,2.1061646346950953e-19,0.0002530816845448966
numaccessfiles,0.0761037582975544,0.0667086339505831,-0.0398251896768115,-0.045158032958418,0.0,0.0,0.0,0.0,0.0,0.0,0.0005271761330002025,0.0006205663290720074
serrorrate,-1.038283229682589,-1.2343350970902085,0.5842145351043564,0.5880744731942529,0.0,0.0,0.024044271812513087,0.025618595036764166,0.024044271812513087,0.025618595036764166,0.003609924304600166,0.003232420190693351
rerrorrate,0.1221386676367885,0.0309338027291244,0.0652684375959162,0.0706582677515324,0.0,0.0,0.0029837206958865407,0.002978007006434849,0.0029837206958865407,0.002978007006434849,0.0007080742338711168,0.0012211870473989455
diffsrvrate,-0.3329112235163084,-0.3423263583433353,-0.1355081405895853,-0.1352281284973436,0.0,0.0,0.09374864687712749,0.09378126954903035,0.09374864687712749,0.09378126954903035,0.012756977228611095,0.007331766201969466
srvdiffhostrate,-0.4488156055980639,-0.4772720645998085,-0.1601013437325351,-0.1692142626264694,0.0,0.0,0.0,0.0,0.0,0.0,0.003770661202373767,0.0011503452558393318
dsthostcount,0.2627301399025977,0.2511269713495929,0.5090875636795369,0.5113597135114818,0.11594097396800983,0.0,0.0,0.0,0.0,0.0,0.02420275109018946,0.02247028499476883
dsthostsrvcount,-2.178046062129204,-2.211863418987836,-1.03308691895629,-1.053984059023915,0.0,0.0,0.040788938687609924,0.04238755464941396,0.040788938687609924,0.04238755464941396,0.022415326969465892,0.019731008406092793
dsthostdiffsrvrate,-0.1565639830922735,-0.1804031217700591,-0.0740371208217282,-0.0808283090119992,0.0,0.0,0.0,0.0,0.0,0.0,0.03069015798504579,0.03380829409346405
dsthostsamesrcportrate,0.7636295207070117,0.7501780006242665,0.595376990091308,0.6014619147717989,0.12960245607384735,0.0,0.009521979343232428,0.008140242458655696,0.009521979343232428,0.008140242458655696,0.01607011863620221,0.013991017791568505
dsthostsrvdiffhostrate,0.1007592663345821,0.1111565336406061,0.1797393396047138,0.1779520193210644,0.0,0.0,0.003866050541635883,0.0,0.003866050541635883,0.0,0.008448864650687891,0.009111192160601817
serrors_count,1.7376063812313862,1.853423633844753,0.6154198595952602,0.6295485517318872,0.0,0.0,0.010576270662004993,0.010592815177766658,0.010576270662004993,0.010592815177766658,0.004152378559915939,0.004972703822578938
rerrors_count,1.5337852907426544,1.844877642353114,0.4067997752307545,0.414476788873892,0.0,0.0,0.0,0.0,0.0,0.0,0.0013860235940695673,0.0022392702491481945
samesrv_count,0.251274111738746,0.2486407960039927,0.3490812285012709,0.3489838047823672,0.0,0.0,0.004717180168821637,0.004721764420503722,0.004717180168821637,0.004721764420503722,0.019596090133728598,0.020597397604195884
diffsrv_count,7.519258648702825,8.208378272061356,0.2441793631263384,0.2524041464396717,0.0,0.0,0.11684527126275138,0.11727238033555745,0.11684527126275138,0.11727238033555745,0.023744932696629834,0.025757918666099267
serrors_srvcount,0.7815878823583391,0.6864981597191817,0.4830479507782277,0.4913354074878004,0.0,0.0,0.013444103873910417,0.013455826047659943,0.013444103873910417,0.013455826047659943,0.0019380456350502149,0.001669801985534213
rerrors_srvcount,0.3317840240969892,0.346382597409965,0.2415205471301907,0.2451553657448547,0.0,0.0,0.0,0.0,0.0,0.0,0.000223879543646221,0.000647386365793002
srvdiffhost_srvcount,0.6429197092741911,0.6855706173425828,0.4438014872988924,0.452093495050537,0.0,0.0,0.002128723806937337,0.0021305740479121617,0.002128723806937337,0.0021305740479121617,0.002042049914371802,0.0050967402810381535
dsthost_rerrors_count,1.3734286048496032,1.380207583496255,0.967506829291874,0.9869089277161652,0.0,0.0,0.010893322739079277,0.010803661031774844,0.010893322739079277,0.010803661031774844,0.02690905604837601,0.029544810451832194
dsthost_samesrv_count,0.9818046352786572,0.9616446655070308,-0.1181796824409937,-0.1066633887925426,0.0,0.0,0.0,0.0,0.0,0.0,0.02263750279155482,0.02067775011831552
dsthost_serrors_srvcount,-0.4498018694728233,-0.4988035612829623,0.1421889783524394,0.1370744656697249,0.0,0.0,0.006477857217891911,0.006488348277694363,0.006477857217891911,0.006488348277694363,0.012922160799705104,0.017603719439371637
dsthost_rerrors_srvcount,-3.3863808097653707,-3.463136766033042,-0.8223108249086741,-0.842663738908043,0.0,0.0,0.0,0.0,0.0,0.0,0.011377245023343627,0.012252316723193815
dsthost_samesrcport_srvcount,-0.151449707855596,-0.1411477710647524,0.0604862451310321,0.050506744755317,0.0,0.0,0.004466479863877516,0.004467099679646163,0.004466479863877516,0.004467099679646163,0.024630560857597714,0.013995667624702125
dsthost_srvdiffhost_srvcount,0.4287307243452033,0.4116108465207225,0.1046791585332249,0.1095575074886437,0.0,0.0,0.0,0.0038638013370151697,0.0,0.0038638013370151697,0.022222321252774593,0.021693118877062885
srcbytes/sec,0.051107036341874,0.0404141428122255,0.0524489020717183,0.0518814279397953,0.0,0.0,0.06064168410151213,0.06063936609602487,0.06064168410151213,0.06063936609602487,0.07970726683045429,0.10304616148986424
dstbytes/sec,0.2537317367101981,0.2261615919894801,0.1076085566733134,0.1085284160382088,0.0,0.0,0.08329869510198193,0.08330537874809403,0.08329869510198193,0.08330537874809403,0.031187937123747893,0.021132250569413393
flag_REJ,-0.9963099590866388,-1.079723755657626,-0.0920395637726556,-0.0943371457882082,0.0,0.0,0.0,0.0,0.0,0.0,0.004108323727440391,0.0031563843036583714
flag_RSTO,-0.562936935932045,-0.61430424316844,-0.133180523064956,-0.1403056512640821,0.0,0.0,0.0,0.0,0.0,0.0,0.006085750953687392,0.003935616758717717
flag_RSTOS0,0.7757905900328277,0.672196774544263,0.1484860783533262,0.1544653239827783,0.0,0.0,0.0,0.0,0.0,0.0,5.228280199966106e-17,1.700093947727574e-05
flag_RSTR,-0.0856743395258843,-0.1300049073362427,0.2113183537933672,0.2191589438210573,0.0,0.0,0.0,0.0,0.0,0.0,0.002258237433461731,0.0030627590064573854
flag_S0,-1.7168591189007592,-1.935376343560946,0.5084822620320866,0.5100155167548602,0.0,0.0,0.030192706572643693,0.0302160688865893,0.030192706572643693,0.0302160688865893,0.0031428199011283562,0.0005594498059112603
flag_S1,-0.4363935924093547,-0.4573174660986923,-0.3139544428557795,-0.3194147671606306,0.0,0.0,0.0,0.0,0.0,0.0,0.00849843850260117,0.007896609005481907
flag_S2,-0.064411111464085,-0.0737356526325783,-0.0722968350019919,-0.062133902012042,0.0,0.0,0.0,0.0,0.0,0.0,0.0009952813603365522,0.0012142609339828617
flag_S3,0.0058028527288214,0.0022210508405105,-0.0281139903337097,-0.021254172739391,0.0,0.0,0.0,0.0,0.0,0.0,0.0,0.0
flag_SF,-2.2983738885036,-2.574633741525813,-0.4247501080161716,-0.4251342596870016,0.6637174655355722,0.0,0.09982537506069003,0.09983566209478424,0.09982537506069003,0.09983566209478424,0.00032072517997698937,0.0007980234518629899
flag_SH,0.2029187765102768,0.1924041435598144,0.0928537790037112,0.0958070307151582,0.0,0.0,0.0,0.0,0.0,0.0,0.0014457021513440413,0.0016981476077794796
isguestlogin,-0.1026349482395141,-0.1275054010205839,-0.2115227714557961,-0.2222671541853307,0.0,0.0,0.0,0.0,0.0,0.0,0.0025892068387502317,0.0025995338529818373
ishostlogin,-0.0108366721469947,-0.0120113266250257,-0.0022643365891506,-0.0002187167642996,0.0,0.0,0.0,0.0,0.0,0.0,0.0,0.0
land,0.1419547334209179,0.1723309638077516,-0.02262246558868,-0.015389775690322,0.0,0.0,0.0,0.0,0.0,0.0,0.0,6.69689745396837e-20
loggedin,-0.1183797934160269,-0.1132844395772668,-0.3316245687466875,-0.3247543997739354,0.0,0.0,0.04112611310492873,0.04120118456364793,0.04112611310492873,0.04120118456364793,0.005611355718620927,0.002232272939831871
protocoltype_tcp,-0.9976634698509436,-0.9900281655839536,-0.4194436935265889,-0.4375809169138856,0.09073910442257056,0.0,0.0,0.0,0.0,0.0,0.020877657266397565,0.010462178073221775
protocoltype_udp,-1.2732686522150307,-1.2721609080864686,-0.7781648088012935,-0.7900263819448671,0.0,0.0,0.0,0.0,0.0,0.0,0.0029001329725437067,0.002704713996090325
rootshell,0.2071545229144347,0.2080571616747276,0.0872594889398539,0.090408992689909,0.0,0.0,0.0,0.0,0.0,0.0,0.0009429164355716369,0.0015824812114159101
service,-1.2326427434245977,-1.281851570427841,-0.3437146915541235,-0.3697461184709905,0.0,0.0,0.0017252710329412496,0.0017302639184033,0.0017252710329412496,0.0017302639184033,0.0911224809095498,0.08948961756901942
suattempted,-0.4368648499613947,-0.5836590090778789,-0.1048078044372268,-0.1099542876911539,0.0,0.0,0.0,0.0,0.0,0.0,0.0008202079846989067,0.0018961272803630423
binary_lof_nof,0.0492996186931254,0.0728276493110369,0.0309387519911103,0.0328834087237077,0.0,0.0,0.0,0.0,0.0,0.0,0.029709186519681515,0.02823798305844457
binary_iforest_df,-2.1263322883191824,-2.1269496507556416,-1.1687868986068908,-1.1960829018147436,0.0,0.0,0.003565517281035525,0.003560907247903209,0.003565517281035525,0.003560907247903209,0.03926514267167277,0.040639309062703625
binary_robust_cov_df,-0.2684796111746551,-0.3049943149354776,-0.0433030399378,-0.0436363398161492,0.0,0.0,0.008522942387757852,0.008478206023141218,0.008522942387757852,0.008478206023141218,0.027705711088243695,0.03409796435652677
binary_one_class_svm_df,0.3902769182950023,0.35548407576633,0.1580067750933447,0.1615915543636168,0.0,0.0,0.006388710200285031,0.006377605365821759,0.006388710200285031,0.006377605365821759,0.03910499387117057,0.04844798868494441
binary_dbscan_labels,0.000472986388517,-0.0073271278071541,0.0264299305407661,0.0250164571833349,0.0,0.0,0.013832807561766651,0.013796428847167894,0.013832807561766651,0.013796428847167894,0.009941881111135965,0.01485118383520712
binary_knn_kth_distance,-0.7520737406598276,-0.6589082563903634,-0.2161706906548687,-0.2207603698208947,0.0,0.0,0.0023461903833798658,0.0023320969715400494,0.0023461903833798658,0.0023320969715400494,0.034398590525545204,0.0329885622378462
binary_gmm_score,0.7465434921505336,0.8894548909731231,0.077173205878771,0.0872351452522536,0.0,0.0,0.029102517028264954,0.029025583099130576,0.029102517028264954,0.029025583099130576,0.03254886948802942,0.0388023693074902
binary_kmeans_adv,4.386935607684857,4.634117994819966,0.8152511173133156,0.8351475656918493,0.0,0.0,0.03528016444967439,0.03528495786454553,0.03528016444967439,0.03528495786454553,0.003969817221826567,0.008334307046807694
