,Tuned_Adaboost_on_Imbalanced_Dataset,Tuned_Adaboost_on_Balanced_Dataset,Tuned_Light_GBM_on_Imbalanced_Dataset,Tuned_Light_GBM_on_Balanced_Dataset
duration,0.025477552441616848,0.03955259043023785,189,280
srcbytes,0.09381582478015707,0.0510338706597723,890,916
dstbytes,0.06939855266565272,0.06922866297701992,286,414
wrongfragment,0.023343122293940095,0.022460090319950443,52,37
urgent,0.0010719610155682422,0.0008462148630139079,0,6
hot,0.012046752641509026,0.0097840546383683,87,195
numfailedlogins,0.003323580584166898,0.0014786820814677224,8,37
numcompromised,0.005168927214326918,0.005027895748560475,51,126
numfilecreations,0.005961605477244793,0.006054958689106189,26,91
numshells,0.00022876980166062675,0.00022121165800351378,0,18
numaccessfiles,8.505074303822845e-05,0.001132636318577882,7,41
serrorrate,0.0025458990739877915,0.0010960906146713742,57,60
rerrorrate,0.0021572769136548537,0.0006364208263159744,7,23
diffsrvrate,0.006551662758303036,0.006777583286484654,121,164
srvdiffhostrate,0.0010315109833047512,0.0019021174453457493,18,37
dsthostcount,0.014886788970051414,0.01382126564592719,259,393
dsthostsrvcount,0.010406537885215164,0.016202726363035318,276,416
dsthostdiffsrvrate,0.05067824495327905,0.05350044987986136,468,548
dsthostsamesrcportrate,0.01717065667752671,0.026068213740089684,202,324
dsthostsrvdiffhostrate,0.004528745567274941,0.004669245225356746,100,204
serrors_count,0.0020239280116237804,0.0009895980436626947,39,51
rerrors_count,0.02126553280798982,0.018808356031178183,53,87
samesrv_count,0.007248436523676889,0.013969446792901312,195,350
diffsrv_count,0.01687709816277495,0.009079322997104936,108,156
serrors_srvcount,0.002365708619934786,0.0026731767249310373,31,56
rerrors_srvcount,0.001820678347688857,0.0014528976068314025,24,27
srvdiffhost_srvcount,0.00034965761611364905,0.0012026177239002646,31,42
dsthost_rerrors_count,0.04569238042908995,0.04449296447610444,266,353
dsthost_samesrv_count,0.017376609074964883,0.017381217558268797,308,409
dsthost_serrors_srvcount,0.007957451964192544,0.014620946962264236,150,303
dsthost_rerrors_srvcount,0.006852629435207784,0.00786789837845918,107,159
dsthost_samesrcport_srvcount,0.015651828530856192,0.016575218916046863,292,351
dsthost_srvdiffhost_srvcount,0.010991907359292051,0.010468670037494474,226,256
srcbytes/sec,0.058528969413558236,0.07701997860521183,632,816
dstbytes/sec,0.022623895862988498,0.024687431884858748,223,391
flag_REJ,0.0014179409643778832,0.0021359121128242376,4,2
flag_RSTO,0.0008474920869992653,0.000118213493522442,12,28
flag_RSTOS0,1.5494826005327025e-17,0.0006847029501246954,14,17
flag_RSTR,0.00026286608703787436,0.0005574343053119753,26,21
flag_S0,0.046467429253762876,0.039662502443021906,66,64
flag_S1,0.0002685901342639201,1.2301572179044529e-15,21,10
flag_S2,0.00013228471054860204,0.0,0,4
flag_S3,0.0,0.0,0,3
flag_SF,0.0060072048158883885,0.004559642736569008,10,24
flag_SH,0.00014865871669951302,0.0012331786415932847,4,2
isguestlogin,0.007780990462679391,0.012481877548026937,12,51
ishostlogin,0.0,0.0,0,0
land,0.00015434664814593756,0.0015632089890008532,0,0
loggedin,0.023096753564788,0.036936191681185664,20,178
protocoltype_tcp,0.02748365046748822,0.027716415638265445,45,113
protocoltype_udp,0.022401900461589606,0.039432764001874274,26,85
rootshell,0.004857036381856285,0.003341174406987745,7,31
service,0.06941675129397107,0.07316363558273244,653,899
suattempted,1.63455361716797e-06,0.0,0,4
multi_lof_nof,0.04147503565579973,0.032484682237616185,453,515
multi_iforest_df,0.030259172577917628,0.03374003286714814,579,616
multi_robust_cov_df,0.016192982421572667,0.01055531403345011,512,518
multi_one_class_svm_df,0.019864963666718822,0.014991979259012623,449,554
multi_dbscan_labels,0.012718381273129811,0.007841336479798665,236,325
multi_knn_kth_distance,0.028669615105492607,0.023517054992836475,429,444
multi_gmm_score,0.0334044132492325,0.02682656253224662,452,582
multi_kmeans_adv,0.019164169844990298,0.013671458916464133,66,76
